19
18
18
18
18
18
18
18
18
18
18
18
18
18
22
17
16
16
16
16
16
16
16
16
16
16
16
16
16
20
17
16
16
16
16
16
16
16
16
16
24
16
16
16
20
17
16
16
16
16
16
16
16
16
20
0
17
16
16
20
17
16
16
16
16
16
16
16
16
20
0
17
16
16
20
17
16
16
16
16
16
16
16
16
20
0
17
16
16
20
17
16
16
16
16
16
16
16
16
20
0
17
16
16
20
17
16
16
16
16
16
16
16
16
20
0
17
16
16
20
17
16
16
16
16
16
16
16
16
20
0
17
16
16
20
17
16
16
16
16
16
16
16
16
20
0
17
16
16
20
17
16
16
16
16
16
16
16
16
20
0
25
24
16
20
17
16
16
16
16
16
16
16
16
20
0
0
0
17
20
17
16
16
16
16
16
16
16
16
20
0
19
18
16
20
17
16
16
16
16
16
16
16
16
16
18
16
16
16
20
25
24
24
24
24
24
24
24
24
24
24
24
24
24
28
