19
26
26
26
18
18
18
18
18
18
16
16
16
16
16
21
0
0
0
17
16
16
16
16
16
16
16
16
16
16
21
0
0
0
17
16
16
16
16
16
16
16
16
16
16
21
0
0
0
17
16
16
24
16
16
16
16
16
16
16
17
18
18
18
16
16
20
0
17
16
16
16
16
16
16
17
16
16
16
16
16
20
0
17
16
16
16
16
24
16
25
16
16
16
24
24
28
0
25
24
24
16
20
0
17
1
17
16
20
0
0
0
0
0
0
0
17
20
0
21
1
17
16
16
18
18
22
0
19
18
18
16
20
0
21
1
17
16
16
16
16
20
0
17
16
16
16
20
0
21
1
17
16
16
16
16
20
0
17
16
16
16
20
0
21
1
17
16
16
16
16
16
18
16
16
16
16
20
0
21
1
17
16
16
16
16
16
16
16
16
16
16
20
0
21
1
25
24
24
24
24
24
24
24
24
16
16
16
18
20
9
8
8
8
8
8
8
8
8
8
17
16
16
16
20