19
2
19
18
18
18
18
18
18
18
18
18
18
18
22
17
0
0
17
16
16
16
16
16
16
16
16
16
16
20
17
18
18
0
17
16
16
16
16
16
16
16
16
16
20
17
16
16
0
17
16
16
16
16
16
16
16
16
16
20
17
16
16
18
16
16
16
16
16
16
16
16
16
16
20
17
0
17
16
16
16
16
16
16
16
16
16
16
16
20
17
18
16
0
0
17
16
16
16
16
16
16
16
16
20
17
16
16
18
18
16
16
16
16
16
16
16
16
16
20
17
16
16
16
16
16
16
16
16
16
16
16
16
16
20
17
16
16
16
16
16
16
16
16
16
16
16
16
16
20
17
16
16
16
16
16
16
16
16
16
16
16
16
16
20
17
16
16
16
16
16
16
16
16
16
16
16
16
16
20
17
16
16
16
16
16
16
16
16
16
16
16
16
16
20
17
16
16
16
16
16
16
16
16
16
16
16
16
16
20
25
24
24
24
24
24
24
24
24
24
24
24
24
24
28
